# A spherical 21-design, consisting of 240 points on the unit sphere.
# Downloaded from Neil Sloane's webpage <http://neilsloane.com/sphdesigns/>
8.926535357627229939e-01 4.125340536573610106e-01 -1.816186104542530100e-01
4.125340534250320212e-01 -1.816186106417820023e-01 8.926535358319379609e-01
-8.926535358064070502e-01 -4.125340536278530035e-01 -1.816186103065750013e-01
-1.816186106138490131e-01 8.926535357404750126e-01 4.125340536352399834e-01
-4.125340534774349921e-01 -1.816186104226540088e-01 -8.926535358523040031e-01
-1.816186104513839994e-01 -8.926535357628120337e-01 -4.125340536584319873e-01
-4.125340533170899771e-01 1.816186106118269916e-01 8.926535358879179594e-01
1.816186104001359936e-01 -8.926535358123000030e-01 4.125340535739109860e-01
4.125340533279959754e-01 1.816186104204000062e-01 -8.926535359218249477e-01
1.816186105807890139e-01 8.926535358109040086e-01 -4.125340534973990225e-01
8.926535358676439547e-01 -4.125340534725580044e-01 1.816186103583390110e-01
-8.926535358550640176e-01 4.125340535351599836e-01 1.816186102779709932e-01
-2.920937425934330145e-01 -2.957670279931700064e-01 9.095070701703470428e-01
-2.957670280268869800e-01 9.095070700892600168e-01 -2.920937428117760248e-01
2.920937424478640132e-01 2.957670280397129980e-01 9.095070702019619757e-01
9.095070701476120067e-01 -2.920937429267210228e-01 -2.957670277339339848e-01
2.957670281453960159e-01 9.095070700844409828e-01 2.920937427067830106e-01
9.095070701888540166e-01 2.920937426892070143e-01 2.957670278416750231e-01
2.957670279073110198e-01 -9.095070701484190279e-01 -2.920937427486510196e-01
-9.095070701012210046e-01 2.920937431592720013e-01 -2.957670276469270276e-01
-2.957670278353329851e-01 -9.095070700472930314e-01 2.920937431364140080e-01
-9.095070702185910072e-01 -2.920937427217760174e-01 2.957670277180690088e-01
-2.920937425408959842e-01 2.957670277931470082e-01 -9.095070702522659589e-01
2.920937428619380105e-01 -2.957670277476139864e-01 -9.095070701639690336e-01
-5.752257180381920021e-01 2.412057282507799882e-02 8.176390225974029535e-01
2.412057278614400044e-02 8.176390225112379895e-01 -5.752257181623009474e-01
5.752257181164780464e-01 -2.412057297921299873e-02 8.176390225377809795e-01
8.176390225560029590e-01 -5.752257181034799993e-01 2.412057267146899830e-02
-2.412057304150299827e-02 8.176390224407570351e-01 5.752257182517770406e-01
8.176390224583790500e-01 5.752257182291180548e-01 -2.412057298452599877e-02
-2.412057281823900071e-02 -8.176390225812599777e-01 -5.752257180614239740e-01
-8.176390225435780090e-01 5.752257181238820127e-01 2.412057260611100151e-02
2.412057271295000097e-02 -8.176390225272960333e-01 5.752257181425459720e-01
-8.176390226004950357e-01 -5.752257180351739718e-01 -2.412057279222799833e-02
-5.752257179254689490e-01 -2.412057271105199838e-02 -8.176390226800700489e-01
5.752257179082299610e-01 2.412057259415499935e-02 -8.176390226956460339e-01
-1.288331617247999994e-01 5.224764072023999756e-02 9.902889479738530287e-01
5.224764069440900049e-02 9.902889479588949939e-01 -1.288331618502510101e-01
1.288331618403250056e-01 -5.224764032003800102e-02 9.902889479799380501e-01
9.902889479497170022e-01 -1.288331619247959914e-01 5.224764068455799854e-02
-5.224764038850999992e-02 9.902889479675810458e-01 1.288331619075379908e-01
9.902889479777300386e-01 1.288331618780010068e-01 -5.224764026899200026e-02
-5.224764039040900171e-02 -9.902889479621900248e-01 -1.288331619482090129e-01
-9.902889479606260537e-01 1.288331618966490066e-01 5.224764054718700201e-02
5.224764052780799667e-02 -9.902889479532509531e-01 1.288331619612000101e-01
-9.902889479708679721e-01 -1.288331619362050040e-01 -5.224764025552600111e-02
-1.288331617904779902e-01 -5.224764033764300181e-02 -9.902889479854940502e-01
1.288331618574160009e-01 5.224764055154500209e-02 -9.902889479655000438e-01
7.180063860347499771e-01 6.574468762559929624e-01 -2.285397875962859870e-01
6.574468762867370364e-01 -2.285397878319219978e-01 7.180063859315960473e-01
-7.180063861094420075e-01 -6.574468761714340470e-01 -2.285397876048770038e-01
-2.285397877372190023e-01 7.180063859474220544e-01 6.574468763023739726e-01
-6.574468762410210498e-01 -2.285397877138000133e-01 -7.180063860110540430e-01
-2.285397876789969918e-01 -7.180063860313590229e-01 -6.574468762309449987e-01
-6.574468763611850397e-01 2.285397878605489874e-01 7.180063858543149768e-01
2.285397877030649894e-01 -7.180063858573849656e-01 6.574468764125770415e-01
6.574468763044539754e-01 2.285397878740169919e-01 -7.180063859019749639e-01
2.285397877849670023e-01 7.180063858138530097e-01 -6.574468764316480085e-01
7.180063858807600452e-01 -6.574468763634849777e-01 2.285397877708509884e-01
-7.180063858910179508e-01 6.574468763715579644e-01 2.285397877154010104e-01
8.631764731178029892e-01 4.681818166531380165e-01 1.890295289400009959e-01
4.681818164384859982e-01 1.890295291974919967e-01 8.631764731778399646e-01
-8.631764731944460145e-01 -4.681818165764199957e-01 1.890295287800330126e-01
1.890295291255270071e-01 8.631764730643890493e-01 4.681818166767079958e-01
-4.681818163926709797e-01 1.890295288974430110e-01 -8.631764732683979702e-01
1.890295287921739953e-01 -8.631764731436879501e-01 -4.681818166651000035e-01
-4.681818164112129810e-01 -1.890295291281380019e-01 8.631764732078209823e-01
-1.890295288978519894e-01 -8.631764730897200089e-01 4.681818167219309879e-01
4.681818165088669770e-01 -1.890295289305549964e-01 -8.631764731981229621e-01
-1.890295290018229879e-01 8.631764731066590146e-01 -4.681818166487219934e-01
8.631764731352290498e-01 -4.681818166486420019e-01 -1.890295288715609923e-01
-8.631764731233340093e-01 4.681818166987620211e-01 -1.890295288017440067e-01
7.726328568471330094e-01 -5.170594506955900060e-01 3.683585114621519829e-01
-5.170594505671319840e-01 3.683585115855150249e-01 7.726328568742859559e-01
-7.726328568060809587e-01 5.170594506473910057e-01 3.683585116159149853e-01
3.683585116480009858e-01 7.726328568060539803e-01 -5.170594506245730360e-01
5.170594504940070335e-01 3.683585118165880190e-01 -7.726328568130560459e-01
3.683585117204959958e-01 -7.726328568024759536e-01 5.170594505782729611e-01
5.170594505834450461e-01 -3.683585114871170130e-01 7.726328569102800525e-01
-3.683585115673300159e-01 -7.726328568594670321e-01 -5.170594506022290204e-01
-5.170594505023690113e-01 -3.683585116659560121e-01 -7.726328568792749651e-01
-3.683585114698029739e-01 7.726328568556509735e-01 5.170594506774119914e-01
7.726328569347490349e-01 5.170594506919190536e-01 -3.683585112835309761e-01
-7.726328569274849567e-01 -5.170594506337780061e-01 -3.683585113803780065e-01
-8.478192319146480305e-01 -6.632577590016699998e-02 -5.261211281130020456e-01
-6.632577591363099379e-02 -5.261211282576859771e-01 -8.478192318238090275e-01
8.478192318830179985e-01 6.632577581985199533e-02 -5.261211281740969525e-01
-5.261211283487620127e-01 -8.478192317669569489e-01 -6.632577591791000149e-02
6.632577584611999699e-02 -5.261211284070980154e-01 8.478192317363719699e-01
-5.261211284592399728e-01 8.478192317090800234e-01 6.632577578136600316e-02
6.632577594578499547e-02 5.261211283443799624e-01 -8.478192317674959622e-01
5.261211284495319607e-01 8.478192317006919554e-01 -6.632577596561299582e-02
-6.632577587721100176e-02 5.261211283063880195e-01 8.478192317964360347e-01
5.261211285046689667e-01 -8.478192316652130023e-01 6.632577598175999622e-02
-8.478192318217250278e-01 6.632577594100499963e-02 5.261211282575940507e-01
8.478192318502639768e-01 -6.632577599665499812e-02 5.261211282045900051e-01
9.805743229230000010e-03 9.429838158425930539e-01 3.326941094438919944e-01
9.429838158089229871e-01 3.326941095397479842e-01 9.805743214949999217e-03
-9.805743379690000372e-03 -9.429838157872909576e-01 3.326941095962069883e-01
3.326941092265540134e-01 9.805743204272000801e-03 9.429838159195319536e-01
-9.429838157740400018e-01 3.326941096356469951e-01 -9.805743315803999716e-03
3.326941093979959851e-01 -9.805743298909999628e-03 -9.429838158580620133e-01
-9.429838157761140094e-01 -3.326941096300979894e-01 9.805743304667000407e-03
-3.326941093190269871e-01 -9.805743188507000385e-03 9.429838158870700315e-01
9.429838157750819461e-01 -3.326941096351990201e-01 -9.805743230762999432e-03
-3.326941094557649969e-01 9.805743389761999163e-03 -9.429838158367349621e-01
9.805743301140000534e-03 -9.429838157525239906e-01 -3.326941096970649769e-01
-9.805743287712999703e-03 9.429838157913790209e-01 -3.326941095873309773e-01
7.855992483711520258e-01 -4.051569453122689790e-01 -4.676341204658959749e-01
-4.051569449321250072e-01 -4.676341206498589864e-01 7.855992484576980184e-01
-7.855992482017899459e-01 4.051569454340510079e-01 -4.676341206449040055e-01
-4.676341206112419879e-01 7.855992483346230237e-01 -4.051569452153390150e-01
4.051569451364229746e-01 -4.676341208682009976e-01 -7.855992482223660422e-01
-4.676341208118039994e-01 -7.855992481456089971e-01 4.051569453503470197e-01
4.051569448419850006e-01 4.676341208613319922e-01 7.855992483783049707e-01
4.676341207867260041e-01 -7.855992482498570517e-01 -4.051569451771560026e-01
-4.051569449996429984e-01 4.676341208710980135e-01 -7.855992482911819952e-01
4.676341208937129790e-01 7.855992482342399885e-01 4.051569450839530018e-01
7.855992483133410476e-01 4.051569451171039837e-01 4.676341207321059734e-01
-7.855992482810999489e-01 -4.051569451973699998e-01 4.676341207167269975e-01
-7.373319991314920552e-01 6.208515010137639623e-01 -2.662422519918899999e-01
6.208515009491859526e-01 -2.662422521548949983e-01 -7.373319991270099738e-01
7.373319990600609719e-01 -6.208515010887369900e-01 -2.662422520148829963e-01
-2.662422519486309924e-01 -7.373319991032549758e-01 6.208515010658499644e-01
-6.208515010792210465e-01 -2.662422522337999919e-01 7.373319989890250170e-01
-2.662422520116239921e-01 7.373319989962220378e-01 -6.208515011659510030e-01
-6.208515010721239458e-01 2.662422522225599830e-01 -7.373319989990599899e-01
2.662422521138639864e-01 7.373319988329739560e-01 6.208515013159829898e-01
6.208515011873869671e-01 2.662422523283740072e-01 7.373319988637969669e-01
2.662422519322499848e-01 -7.373319989389900408e-01 -6.208515012679589606e-01
-7.373319989479429903e-01 -6.208515011832970165e-01 2.662422521048790069e-01
7.373319988350069965e-01 6.208515013057860354e-01 2.662422521320100266e-01
7.268714691656590343e-01 -2.748828235042799842e-02 -6.862231864680610194e-01
-2.748828218275500140e-02 -6.862231864483250288e-01 7.268714691906329461e-01
-7.268714691729309951e-01 2.748828237188500126e-02 -6.862231864594989794e-01
-6.862231864497120304e-01 7.268714691854060161e-01 -2.748828228634099882e-02
2.748828235160699976e-02 -6.862231864911200185e-01 -7.268714691438450393e-01
-6.862231865456219770e-01 -7.268714690897940534e-01 2.748828242028100027e-02
2.748828226683600051e-02 6.862231864703349782e-01 7.268714691666740002e-01
6.862231866611829822e-01 -7.268714689834220311e-01 -2.748828234818500096e-02
-2.748828225102899897e-02 6.862231865230919992e-01 -7.268714691174650300e-01
6.862231866091119681e-01 7.268714690334979744e-01 2.748828232394799967e-02
7.268714690701070236e-01 2.748828233555000028e-02 6.862231865698690259e-01
-7.268714690801829637e-01 -2.748828230971599867e-02 6.862231865602319569e-01
6.653633857205150104e-01 5.808602677392710190e-01 4.689274083527160131e-01
5.808602675770869750e-01 4.689274084886380090e-01 6.653633857663080464e-01
-6.653633856773799593e-01 -5.808602677195749964e-01 4.689274084383179830e-01
4.689274083407830029e-01 6.653633858218630515e-01 5.808602676328129544e-01
-5.808602675284529893e-01 4.689274086788319806e-01 -6.653633856747229736e-01
4.689274083726139852e-01 -6.653633856988030448e-01 -5.808602677480779741e-01
-5.808602676408769483e-01 -4.689274085527619929e-01 6.653633856654269652e-01
-4.689274084683360266e-01 -6.653633858479469643e-01 5.808602674999610027e-01
5.808602673867520050e-01 -4.689274086545189846e-01 -6.653633858155629799e-01
-4.689274083756990175e-01 6.653633856513559985e-01 -5.808602677999380459e-01
6.653633856518189615e-01 -5.808602677912120260e-01 -4.689274083858500086e-01
-6.653633857517340378e-01 5.808602675480170063e-01 -4.689274085453259966e-01
-5.801253673053039517e-01 -7.790995979244339509e-01 2.376097109187070011e-01
-7.790995980535180276e-01 2.376097109099339910e-01 -5.801253671355389718e-01
5.801253671868079609e-01 7.790995979777319835e-01 2.376097110332580087e-01
2.376097106959320082e-01 -5.801253672761099711e-01 -7.790995980141139921e-01
7.790995980647319463e-01 2.376097111473199908e-01 5.801253670232500159e-01
2.376097108192850027e-01 5.801253670474260105e-01 7.790995981467739862e-01
7.790995981702240059e-01 -2.376097108496419974e-01 -5.801253670034990373e-01
-2.376097108118019885e-01 5.801253671572560444e-01 -7.790995980672760224e-01
-7.790995980749609862e-01 -2.376097110451280137e-01 5.801253670513689675e-01
-2.376097106092530109e-01 -5.801253670223589509e-01 7.790995982294950384e-01
-5.801253670900939907e-01 7.790995981519660551e-01 -2.376097106980860074e-01
5.801253672184110144e-01 -7.790995979667160176e-01 -2.376097109922150064e-01
9.586680253602000157e-01 1.011136059005389998e-01 -2.659542363899560224e-01
1.011136058898930018e-01 -2.659542364771990131e-01 9.586680253371200333e-01
-9.586680253264100449e-01 -1.011136060954320043e-01 -2.659542364376599743e-01
-2.659542366341789976e-01 9.586680252945549707e-01 1.011136058805579968e-01
-1.011136060031709999e-01 -2.659542366563170113e-01 -9.586680252754820053e-01
-2.659542367154549836e-01 -9.586680252461620144e-01 -1.011136061256019958e-01
-1.011136058254380049e-01 2.659542364146639803e-01 9.586680253612670510e-01
2.659542362867389764e-01 -9.586680253935829787e-01 1.011136058555219958e-01
1.011136058024439954e-01 2.659542362606640009e-01 -9.586680254064150475e-01
2.659542365158539812e-01 9.586680253225769999e-01 -1.011136059261060066e-01
9.586680254495000275e-01 -1.011136059091009981e-01 2.659542360648080028e-01
-9.586680254785999722e-01 1.011136057894970047e-01 2.659542360053859800e-01
-7.844318144170849827e-01 2.843190250072289982e-01 5.512072392025160195e-01
2.843190248228479877e-01 5.512072393207090304e-01 -7.844318144008619598e-01
7.844318144434220264e-01 -2.843190248881309889e-01 5.512072392264669718e-01
5.512072394346769766e-01 -7.844318142918880188e-01 2.843190249025560057e-01
-2.843190246401610111e-01 5.512072393475040410e-01 7.844318144482490540e-01
5.512072394083570304e-01 7.844318144009979621e-01 -2.843190246525459930e-01
-2.843190247149400274e-01 -5.512072391601370303e-01 -7.844318145528039743e-01
-5.512072394176490420e-01 7.844318144267430348e-01 2.843190245635029978e-01
2.843190244771059971e-01 -5.512072393940670167e-01 7.844318144746289523e-01
-5.512072392271639698e-01 -7.844318145108319928e-01 -2.843190247007970073e-01
-7.844318146548999726e-01 -2.843190247577290219e-01 -5.512072389927720195e-01
7.844318145421389499e-01 2.843190246898840146e-01 -5.512072391882399947e-01
1.666638785351179930e-01 9.794687788666499584e-01 1.134198519532849947e-01
9.794687788923619465e-01 1.134198520112480041e-01 1.666638783445640037e-01
-1.666638783223350073e-01 -9.794687788772219461e-01 1.134198521746589972e-01
1.134198518526030042e-01 1.666638784650920080e-01 9.794687788902239900e-01
-9.794687789080509521e-01 1.134198522332289932e-01 -1.666638781012970139e-01
1.134198520235319974e-01 -1.666638782131650010e-01 -9.794687789132979772e-01
-9.794687788914180349e-01 -1.134198520887550049e-01 1.666638782973680066e-01
-1.134198519422990048e-01 -1.666638783837849913e-01 9.794687788936730088e-01
9.794687788877920465e-01 -1.134198522526509989e-01 -1.666638782071420133e-01
-1.134198518873330008e-01 1.666638784200610013e-01 -9.794687788938649664e-01
1.666638785133119915e-01 -9.794687788588399835e-01 -1.134198520527749943e-01
-1.666638785259919875e-01 9.794687788524030214e-01 -1.134198520897270052e-01
9.035426353908699859e-01 9.900269067959900637e-02 4.169042735078650197e-01
9.900269051118000541e-02 4.169042737536919896e-01 9.035426352958969565e-01
-9.035426353835329660e-01 -9.900269064792299734e-02 4.169042735312880055e-01
4.169042739582500268e-01 9.035426351937679845e-01 9.900269058185000304e-02
-9.900269041493299504e-02 4.169042736997319865e-01 -9.035426353313410486e-01
4.169042738439640017e-01 -9.035426352375169889e-01 -9.900269066384499717e-02
-9.900269046419199470e-02 -4.169042739372539885e-01 9.035426352163480335e-01
-4.169042742060359852e-01 -9.035426351101469855e-01 9.900269030157500538e-02
9.900269012804399638e-02 -4.169042740643800204e-01 -9.035426351945230472e-01
-4.169042741137439778e-01 9.035426351313859961e-01 -9.900269049639200125e-02
9.035426352792750304e-01 -9.900269046710200027e-02 -4.169042738001830228e-01
-9.035426352343990386e-01 9.900269024582900035e-02 -4.169042739499880246e-01
2.787624045360920233e-01 3.493121855370630024e-01 -8.945795206981750347e-01
3.493121855860559788e-01 -8.945795206085149776e-01 2.787624047624310264e-01
-2.787624045405249773e-01 -3.493121855034729828e-01 -8.945795207099099811e-01
-8.945795207341440403e-01 2.787624047279170236e-01 3.493121852918659731e-01
-3.493121854667010084e-01 -8.945795206777229502e-01 -2.787624046898959929e-01
-8.945795207888640466e-01 -2.787624046586770210e-01 -3.493121852069839828e-01
-3.493121855510409879e-01 8.945795206827980017e-01 2.787624045679230056e-01
8.945795207852189623e-01 -2.787624046804689781e-01 3.493121851989289817e-01
3.493121855496230110e-01 8.945795206792299670e-01 -2.787624045811489815e-01
8.945795207818050265e-01 2.787624045559080055e-01 -3.493121853070749738e-01
2.787624044379499733e-01 -3.493121855065000059e-01 8.945795207406920246e-01
-2.787624044432590042e-01 3.493121854287870032e-01 8.945795207693819640e-01
5.558962301794150296e-01 -6.768332117366709921e-01 4.825724658147599877e-01
-6.768332116815669597e-01 4.825724660401159993e-01 5.558962300508759613e-01
-5.558962303148919926e-01 6.768332115229870327e-01 4.825724659584009757e-01
4.825724659102830216e-01 5.558962301646720450e-01 -6.768332116806730081e-01
6.768332114576920411e-01 4.825724660928950027e-01 -5.558962302776390141e-01
4.825724659029809738e-01 -5.558962303679090278e-01 6.768332115189570342e-01
6.768332116355919581e-01 -4.825724660719810100e-01 5.558962300791909783e-01
-4.825724661505860213e-01 -5.558962302300840541e-01 -6.768332114556160350e-01
-6.768332114382860087e-01 -4.825724663277369819e-01 -5.558962300973999682e-01
-4.825724659723730214e-01 5.558962302677700196e-01 6.768332115517270431e-01
5.558962301926909655e-01 6.768332115894529766e-01 -4.825724660059489968e-01
-5.558962301943379813e-01 -6.768332114555369872e-01 -4.825724661918749936e-01
